Test #1
3	070671	45.000018000001800
5	070532	45.000030000002600
9	069633	45.000631000001800
17	068346	45.000425000001800
33	067936	45.000005000002000
65	069266	45.000050000001500
129	056379	45.000234000003300

Test #2
3	070709	45.000213000002100
5	070462	45.000004000001500
9	069438	45.000036000002400
17	068236	45.000225000002400
33	067914	45.000437000001100
65	069570	45.000475000001400
129	056366	45.000600000001500

Test #3
3	070659	45.000234000000600
5	070398	45.000239000000200
9	069555	45.000254000000500
17	068158	45.000269000000100
33	067772	45.000008999999800
65	069738	45.000610000000500
129	056429	45.000417000001300

Test #4
3	070648	45.000455000000500
5	070535	45.000478000001000
9	069497	45.000225000000100
17	068118	45.000248000000300
33	068071	45.000021000000400
65	069584	45.000226000001400
129	056388	45.000381000001300

Test #5
3	070655	45.000054000000500
5	070465	45.000784000000800
9	069533	45.000295000001300
17	068132	45.000493000000100
33	067776	45.000348000000300
65	069583	45.000160000000500
129	056402	45.000292000001100

Test #6
3	070731	45.000116000000500
5	070514	45.000149000001000
9	069527	45.000243000000500
17	068093	45.000510000000200
33	067672	45.000500000000000
65	069489	45.000342000000100
129	056443	45.000335000001600

Test #7
3	070635	45.004003333333200
5	070530	44.999999999999600
9	069558	45.000000000000600
17	068076	45.001045666667100
33	068095	45.000023000000100
65	069670	45.000417000000900
129	056442	45.000010000001500

Test #8
3	070720	45.000086000000800
5	070532	45.000005000000400
9	069566	45.000048000000400
17	068131	45.000416000000200
33	067905	45.000639000000800
65	069601	45.000025000000100
129	056396	45.000207000001400

Test #9
3	070652	45.000232000001400
5	070506	45.000115000000800
9	069525	45.000316000000500
17	068120	45.000118000000000
33	067738	45.000559000000400
65	069683	45.000044000000800
129	056455	45.000000000001300

Test #10
3	070721	45.000025000001500
5	070527	45.000014000001200
9	069433	45.000075000002100
17	068063	45.000402000002100
33	067883	45.000031000002300
65	069685	45.000212000002300
129	056433	45.000642000002800

Test #11
3	070683	45.000354000002700
5	070538	45.000339000002000
9	069487	45.000053000001600
17	068257	45.000160000001000
33	068169	45.000061000002100
65	069646	45.000447000002500
129	056426	45.000002000002600

Test #12
3	070737	45.000284000002000
5	070487	45.000431000002800
9	069457	45.000170000002000
17	068091	45.000296000001500
33	067733	45.000392000001200
65	069642	45.000477000001900
129	056428	45.000610000002300

Test #13
3	070647	45.000137000002700
5	070269	45.000323000002400
9	069520	45.000117000001800
17	068078	45.000403000001300
33	067730	45.000108000002200
65	069508	45.000512000001900
129	056431	45.000162000002500

Test #14
3	070703	45.000343000002000
5	070506	45.000246000002300
9	069456	45.000126000001700
17	068288	45.000378000002300
33	067905	45.000026000002200
65	069592	45.000380000001900
129	056442	45.000093000002700

Test #15
3	070705	45.000036000002100
5	070493	45.000406000002300
9	069489	45.000240000001900
17	068242	45.002848000001400
33	067773	45.000000000001600
65	069636	45.000000000002000
129	056372	45.000000000002800

Test #16
3	070689	45.000000000002200
5	070519	45.000000000002500
9	069513	45.000000000002900
17	068114	45.000000000002200
33	067940	45.000000000001800
65	069696	45.000000000002300
129	056407	45.000000000002400

Test #17
3	070629	45.000000000003600
5	070583	45.000000000003200
9	069467	45.000000000003200
17	068143	45.000000000003300
33	068154	45.000000000002900
65	069615	45.000000000004200
129	056494	45.000000000004700

Test #18
3	070726	45.000000000003700
5	070400	45.000000000003700
9	069531	45.000000000003500
17	068287	45.000000000003300
33	067726	45.000000000003400
65	069655	45.000000000003700
129	056476	45.000000000004600

Test #19
3	070687	45.000000000004800
5	070466	45.000000000004100
9	069531	45.000000000003900
17	068073	45.000000000003500
33	067795	45.000000000003300
65	069682	45.000000000003300
129	056438	45.000000000004400

Test #20
3	070648	45.000000000003600
5	070574	45.000000000003400
9	069498	45.000000000004000
17	068311	45.000000000003500
33	068204	45.000000000003600
65	069615	45.000000000003700
129	056437	45.000000000004500

